$ANSIBLE_VAULT;1.1;AES256
63626333633531653036303838326465343433356634326463633037343564303033616363396265
6332326432356366346432303037373262343431326266390a393566623635666234376332633564
65343232356333653131343364636561363361383337616432333865616165333239363262636161
3935663130623066330a346235613434386132653636336530333731343037316662393430383036
37383765386333626563353039323638386366663233376531363238663764626562376538613730
66303339323864653730393034616436613839633438343039333538646136353239333265613962
30316134653034643236623834613232633030663338616637386562656337323732323137303664
65333334386633343937326665396533393038643964333930653539336134663965393062616566
38636563646436646662613636653931636634336162383339636433643039613662343639633234
61633230326233343936373264316663383839356436383533613331363162346234343339333264
61336438663135653962613732646236613136653135396335666632383536336137303766636663
33646165386634386362333936303162363532313830393338653039613263623030346531343663
38323965323930303266633330333131366135646535363137623439373531383863313131356662
62663731326336396435623732333731633562313438393532643634653335646461313438626130
65623432326336663362346332313335663236373865383133656138313566323830663461623065
66623938613633306561366631386633646466313835623839303031613962663564343730643530
65623765626261313831353133353837373138353230393039613833373762653532333162633839
66353630383531633330393464373632393735393163393663396239373536643765633062633032
65613664323638316333663030376662326436353236363864373339393461326466323635613135
33666664343339336430313766613831653232376432386464306639666162323130323338643431
36613532373266653236393230316330663434316438343631323066663731616133373039346332
39313031663564376566333734366266333134376235623337666462643763356335303163356638
33646230636263353234363138613831636663303062613066313335356130346461313336653130
35343238376638306163613064303664353165653339643031326639393566383434623330353562
3131
